fc_cl: 0.183580952931235, fc_cd:0.001308976692585, fc_cmz:0.004265207481923 
dfc_cl/dmach_fc:0.468185919178418 dfc_cl/dalpha_fc:0.181404012024416 
dfc_cd/dmach_fc:0.004885688173941 dfc_cd/alpha_fc:0.000725907431871 
dfc_cmz/dmach_fc:0.016170729837446 dfc_cmz/dalpha_fc:0.002935954681452 
